1 165.666000 -18.998880 40.894432
1 198.105000 -18.117952 29.882304
1 187.910000 -19.136576 34.300992
1 217.272000 -14.261856 24.057056
1 202.284000 -15.961632 31.894432
1 196.589000 -18.955424 30.963616
1 175.095000 -19.805312 34.882304
1 166.807000 -19.642784 35.800992
1 181.117000 -19.817728 37.719680
1 178.785000 -19.630368 32.963616
0 61.776000 -11.724608 15.138368
0 81.281000 -10.880928 12.638368
0 160.869000 2.331264 0.093440
0 182.843000 -2.168736 0.825248
0 58.883000 -6.705984 10.069184
0 227.850000 -6.687360 5.813120
0 207.843000 -2.168736 0.825248
0 152.821000 -2.156320 -2.012128
0 99.028000 -18.074496 19.951488
0 94.883000 -6.705984 10.069184
1 235.520000 -9.887136 13.894432
1 226.217000 -14.230816 16.963616
1 236.466000 -11.549664 13.219680
1 235.862000 -8.387136 13.650496
1 235.905000 -6.718400 12.906560
1 221.701000 -15.068288 18.044928
1 231.901000 -11.230816 16.475744
1 184.967000 -15.218400 14.288864
1 196.734000 -15.086912 22.300992
1 215.989000 -15.230816 17.126240
0 87.026000 -22.023712 47.057056
0 71.158000 15.712192 -12.951488
0 57.870000 15.874720 -12.032800
0 13.094000 -6.825056 -0.780320
0 5.266000 -0.150112 -3.756064
0 78.838000 -24.174944 5.821664
0 124.924000 -20.837472 4.333792
0 121.944000 -2.225728 -24.211136
0 35.403000 -9.256768 -15.979328
0 142.819000 -17.956544 -7.003584
1 208.048000 -10.749440 20.650496
1 222.916000 -6.724608 14.325248
1 215.118000 -10.224608 14.894432
1 189.974000 -15.786688 29.975744
1 206.951000 -14.080704 20.719680
1 178.691000 -16.755648 23.044928
1 185.924000 -12.936800 25.731808
1 176.831000 -11.755648 22.231808
1 195.756000 -15.099328 25.138368
1 212.020000 -7.911968 19.243936
0 118.097000 -7.955424 29.174752
0 109.140000 5.000000 -0.813120
0 57.816000 14.212192 -12.707552
0 108.653000 -19.555872 15.939360
0 99.966000 -32.712192 15.716096
0 77.854000 -2.174944 2.243936
0 102.273000 -19.905760 19.776736
0 58.975000 5.093120 -22.093440
0 69.154000 -0.086912 19.861632
0 104.882000 -8.962752 -7.048512
1 214.297000 -8.068288 16.906560
1 225.198000 -4.062080 14.837376
1 224.992000 -5.074496 17.837376
1 204.803000 -8.918176 20.825248
1 200.135000 -9.105536 25.581312
1 205.292000 -6.936800 24.756064
1 236.806000 -2.712192 10.837376
1 215.682000 -4.899552 15.918688
1 224.742000 -6.062080 15.162624
1 206.031000 -7.918176 20.662624
0 33.164000 -2.349888 4.162624
0 40.893000 -5.018624 5.069184
0 34.895000 6.831264 -0.638368
0 202.909000 13.031040 -9.207552
0 79.014000 -9.037248 9.975744
0 204.928000 2.862304 -7.081312
0 119.228000 1.000000 -0.162624
0 64.228000 1.000000 -0.162624
0 86.009000 -7.905760 17.825248
0 191.237000 -10.856096 6.963616
1 218.636000 -16.724608 15.951488
1 203.946000 -16.899552 17.870176
1 215.037000 -10.743232 19.231808
1 159.751000 -17.918176 22.288864
1 212.968000 -16.911968 20.707552
1 205.995000 -18.055872 15.695424
1 178.396000 -12.074496 18.975744
1 151.716000 -10.562080 15.894432
1 205.299000 -15.405760 19.044928
1 187.674000 -13.924384 23.057056
0 48.071000 -1.168736 0.662624
0 88.683000 -2.642784 33.036384
0 58.281000 57.967840 -40.143328
0 83.057000 23.105536 -27.858048
0 43.707000 8.630368 -31.174752
0 30.087000 36.068288 -21.460032
0 1.794000 -1.012416 3.000000
0 15.184000 1.024832 -5.837376
0 86.145000 -15.318848 -0.816704
0 122.879000 -19.119072 -7.759648
1 218.306000 -19.924384 24.032800
1 212.981000 -24.255648 24.264608
1 221.723000 -15.080704 20.882304
1 215.992000 -24.261856 25.683296
1 213.239000 -14.243232 19.800992
1 206.089000 -20.930592 25.614112
1 207.072000 -18.099328 25.626240
1 172.954000 -23.111744 29.276736
1 195.916000 -21.961632 32.870176
1 222.708000 -19.586912 23.032800
0 16.789000 -3.831264 0.150496
0 149.985000 -66.018624 14.989248
0 152.319000 -54.356096 14.037760
0 72.587000 -22.904640 58.069184
0 58.649000 -8.831264 0.963616
0 168.832000 -2.162528 -0.593440
0 68.171000 -2.918176 19.849504
0 166.997000 -6.205984 9.987872
0 50.162000 -14.199776 9.870176
0 43.864000 -15.724608 15.788864
