1 201.052002 -6.237022 17.081314
1 214.020004 -7.911964 19.243933
1 233.839005 -2.730812 15.093441
1 215.763992 -6.074493 18.000000
1 187.248001 -6.911972 19.081314
1 109.720009 -6.049660 12.325250
1 206.138000 -2.899551 15.593437
1 165.927002 -6.730812 15.743936
1 221.970001 -5.062073 15.000002
1 196.052002 -6.237015 17.081310
0 67.005997 -6.211071 49.211140
0 225.991013 11.856102 -7.126240
0 154.291000 9.993790 -0.207554
0 24.588001 -2.024832 6.000000
0 107.939995 -14.074493 19.300993
0 160.759003 -8.893341 15.150495
0 97.916000 -6.724606 14.325249
0 97.602005 -11.062080 15.975744
0 76.977997 -15.224609 15.707552
0 83.333008 -21.068287 19.020672
1 172.289001 -17.093124 24.044930
1 211.207001 -15.918167 21.963615
1 222.979004 -16.918167 22.126242
1 166.832993 -19.093117 24.370174
1 191.712997 -16.768059 25.882303
1 139.299011 -15.405762 19.044926
1 145.184998 -15.905762 19.126240
1 183.043991 -15.261856 24.219677
1 206.289001 -17.093124 24.044930
1 149.110001 -19.249435 22.032799
0 65.797997 -11.737022 17.975744
0 97.069008 -9.068287 17.069183
0 113.259003 -53.193565 14.793825
0 222.139999 5.000000 -0.813116
0 55.140003 5.000000 -0.813120
0 195.367996 6.000000 -0.975744
0 191.122986 7.831268 -0.800995
0 98.009003 -11.856094 7.126240
0 149.942993 -7.868515 9.313120
0 63.326996 -3.006207 1.906560
1 168.740005 1.275391 13.024260
1 216.496002 -17.774269 27.463612
1 214.848984 -16.280479 28.638367
1 202.940002 -10.124161 29.999996
1 168.712006 -11.124161 30.162622
1 144.117996 -6.274269 25.593441
1 99.016998 -14.117950 29.231810
1 177.770004 -24.136574 35.114113
1 178.154999 -20.967834 34.126240
1 179.237015 -22.142784 36.207550
0 111.208000 -6.325054 -0.861630
0 81.884003 6.837475 -2.057055
0 122.783997 -10.036125 47.942947
0 252.940002 1.162537 0.756063
0 80.285995 -12.012413 4.788865
0 252.843002 -2.168732 0.825249
0 151.148010 -5.162529 -0.105569
0 255.000000 0.000000 -0.000002
0 250.877014 -7.831261 0.800993
0 255.000000 0.000000 -0.000002
1 184.970001 -24.249435 22.845924
1 207.769989 -28.086914 24.415102
1 185.867004 -24.755646 24.345924
1 229.621002 -21.230812 18.101986
1 178.257996 -24.411964 21.927231
1 198.660004 -24.074493 20.927235
1 202.998001 -27.086914 24.252483
1 133.209991 -28.899551 19.821663
1 138.611008 -22.918175 23.101984
1 165.660004 -24.074493 20.927235
0 226.309998 -0.174942 1.918684
0 213.940002 1.162537 0.756065
0 227.940002 1.162537 0.756065
0 210.951004 1.156319 2.174753
0 208.288010 -0.162529 -0.918686
0 96.714005 12.012421 -4.788862
0 224.951004 1.156326 2.174751
0 235.695007 2.993797 0.930817
0 219.167999 2.162529 0.593437
0 217.167999 2.162529 0.593441
1 236.143005 -4.031036 7.743938
1 203.882996 -6.705978 10.069187
1 230.816010 -1.024826 5.837376
1 223.815994 -1.024826 5.837378
1 216.154007 -4.037247 9.162622
1 205.029999 -6.224602 14.243935
1 196.741989 -6.062073 15.162627
1 177.018997 -6.218399 12.825252
1 234.881989 -1.062080 14.349501
1 216.225006 -5.205978 9.825245
0 126.707001 -21.843681 5.915104
0 178.841995 -38.849884 10.098397
0 132.709000 -9.993790 0.207554
0 151.223999 11.724609 -15.138367
0 122.008003 -10.162525 0.707554
0 18.967001 0.018624 -4.256064
0 122.097000 -19.806431 -2.922273
0 25.160002 -6.862304 7.731808
0 83.818001 6.874722 -10.569185
0 6.913000 2.306432 5.768192
1 107.089005 -20.930588 25.614113
1 82.195999 -15.911968 20.544928
1 117.032997 -15.255646 22.800991
1 54.940002 -14.074495 19.300993
1 120.952003 -15.774269 27.138367
1 163.877014 -19.117950 30.044930
1 178.170990 -22.105530 27.695427
1 148.973999 -15.786682 29.975742
1 195.016998 -14.117950 29.231808
1 162.686005 -15.624161 30.894432
0 150.942001 -6.174942 2.894430
0 115.890999 -16.868511 10.776737
0 120.968002 -20.862305 10.008545
0 82.123001 -11.356094 7.044929
0 154.220001 -50.349884 11.968573
0 133.195007 1.018623 -4.418687
0 166.016998 -2.831261 -0.012131
0 36.197998 -8.012415 4.138368
0 55.150002 6.687361 -5.813119
0 126.837997 -4.987583 -2.024256
0 78.231003 -23.268063 26.939362
0 153.950989 -14.080704 20.719679
0 99.998001 -27.086914 24.252481
0 60.967999 -16.911964 20.707552
0 133.569992 -31.924377 25.984287
0 134.072006 -22.049667 14.927231
0 210.901993 2.312637 4.349501
0 185.260986 0.981377 4.093438
0 196.974991 -6.193565 7.150496
0 101.745003 0.143906 5.174750
0 146.967010 -15.218399 14.288862
0 174.890991 -16.868507 10.776738
0 177.956009 -15.212189 12.870173
0 172.222000 -15.362305 9.114110
0 125.641991 -34.786682 33.065601
0 93.139999 -10.237022 17.731808
0 112.880005 -12.911964 20.057056
0 115.945000 -11.255646 22.150496
0 78.327995 -19.936798 26.870176
0 111.922997 -11.243229 19.313118
0 205.116013 -2.887131 12.756063
0 196.642990 -2.055870 13.093443
0 169.115997 -2.887131 12.756064
0 204.817001 -2.718399 12.256063
0 205.919998 -2.212189 10.756067
0 187.018997 -6.218399 12.825250
0 222.275009 -8.055862 14.069183
0 236.193008 -6.880928 11.987871
0 238.925995 -5.037239 9.325249
0 233.936981 -5.043457 10.743938
0 177.653000 -19.555870 15.939363
0 189.003998 -29.911964 22.821665
0 224.114990 -39.568283 22.029213
0 143.694000 -29.737022 20.902977
0 179.653000 -19.555870 15.939359
0 153.981003 -24.255646 24.264610
0 133.306000 -19.924385 24.032801
0 150.790009 -20.761856 25.114109
0 180.950989 -14.080704 20.719677
0 142.934006 -11.249435 20.731808
1 164.234009 2.125282 9.105568
1 159.755997 4.088036 17.292446
1 159.201004 6.094238 15.548512
1 141.658005 2.450340 10.942943
1 170.727997 2.975174 5.186883
1 231.075012 -11.893341 15.638371
1 220.841003 -10.068283 17.231808
1 231.916000 -6.724602 14.325251
1 239.121994 -5.712189 11.325245
1 204.043991 -15.261856 24.219685
1 191.871994 -41.124161 35.041348
1 120.920998 -23.093117 25.020672
1 132.981003 -24.255646 24.264606
1 208.156998 -51.443008 33.411522
1 173.282013 -50.949219 34.748898
1 74.044006 -15.261856 24.219679
1 51.074997 -11.893345 15.638369
1 52.063999 -11.887135 14.219681
1 53.618999 -13.893343 15.963617
1 101.071991 -18.099327 25.626240
1 150.195999 -15.911964 20.544930
1 191.001007 -16.930588 24.963615
1 197.832993 -19.093117 24.370178
1 128.255997 -17.074493 19.788862
1 142.799988 -19.074493 20.114111
0 192.127014 -2.893341 14.174752
0 215.115997 -2.887131 12.756062
0 200.806000 -2.712189 10.837377
0 241.322006 -1.874718 9.756065
0 78.866005 -3.874718 10.081312
0 167.141006 -11.930588 24.150497
0 118.729996 -19.599327 25.870174
0 177.209000 -23.255646 24.101984
0 161.861008 -21.930588 25.776733
0 188.992004 -24.261856 25.683296
0 192.298004 -71.274269 36.164001
0 202.697983 -63.599319 33.025631
0 170.781006 -28.093117 25.833794
0 161.139008 -66.105530 34.850883
0 158.297989 -71.274269 36.164001
