1 165.666000 -18.998880 40.894432
1 198.105000 -18.117952 29.882304
1 187.910000 -19.136576 34.300992
1 217.272000 -14.261856 24.057056
1 202.284000 -15.961632 31.894432
1 196.589000 -18.955424 30.963616
1 175.095000 -19.805312 34.882304
1 166.807000 -19.642784 35.800992
1 181.117000 -19.817728 37.719680
1 178.785000 -19.630368 32.963616
0 61.776000 -11.724608 15.138368
0 81.281000 -10.880928 12.638368
0 160.869000 2.331264 0.093440
0 182.843000 -2.168736 0.825248
0 58.883000 -6.705984 10.069184
0 227.850000 -6.687360 5.813120
0 207.843000 -2.168736 0.825248
0 152.821000 -2.156320 -2.012128
0 99.028000 -18.074496 19.951488
0 94.883000 -6.705984 10.069184
1 235.520000 -9.887136 13.894432
1 226.217000 -14.230816 16.963616
1 236.466000 -11.549664 13.219680
1 235.862000 -8.387136 13.650496
1 235.905000 -6.718400 12.906560
1 221.701000 -15.068288 18.044928
1 231.901000 -11.230816 16.475744
1 184.967000 -15.218400 14.288864
1 196.734000 -15.086912 22.300992
1 215.989000 -15.230816 17.126240
0 87.026000 -22.023712 47.057056
0 71.158000 15.712192 -12.951488
0 57.870000 15.874720 -12.032800
0 13.094000 -6.825056 -0.780320
0 5.266000 -0.150112 -3.756064
0 78.838000 -24.174944 5.821664
0 124.924000 -20.837472 4.333792
0 121.944000 -2.225728 -24.211136
0 35.403000 -9.256768 -15.979328
0 142.819000 -17.956544 -7.003584
1 208.048000 -10.749440 20.650496
1 222.916000 -6.724608 14.325248
1 215.118000 -10.224608 14.894432
1 189.974000 -15.786688 29.975744
1 206.951000 -14.080704 20.719680
1 178.691000 -16.755648 23.044928
1 185.924000 -12.936800 25.731808
1 176.831000 -11.755648 22.231808
1 195.756000 -15.099328 25.138368
1 212.020000 -7.911968 19.243936
0 118.097000 -7.955424 29.174752
0 109.140000 5.000000 -0.813120
0 57.816000 14.212192 -12.707552
0 108.653000 -19.555872 15.939360
0 99.966000 -32.712192 15.716096
0 77.854000 -2.174944 2.243936
0 102.273000 -19.905760 19.776736
0 58.975000 5.093120 -22.093440
0 69.154000 -0.086912 19.861632
0 104.882000 -8.962752 -7.048512
1 214.297000 -8.068288 16.906560
1 225.198000 -4.062080 14.837376
1 224.992000 -5.074496 17.837376
1 204.803000 -8.918176 20.825248
1 200.135000 -9.105536 25.581312
1 205.292000 -6.936800 24.756064
1 236.806000 -2.712192 10.837376
1 215.682000 -4.899552 15.918688
1 224.742000 -6.062080 15.162624
1 206.031000 -7.918176 20.662624
0 33.164000 -2.349888 4.162624
0 40.893000 -5.018624 5.069184
0 34.895000 6.831264 -0.638368
0 202.909000 13.031040 -9.207552
0 79.014000 -9.037248 9.975744
0 204.928000 2.862304 -7.081312
0 119.228000 1.000000 -0.162624
0 64.228000 1.000000 -0.162624
0 86.009000 -7.905760 17.825248
0 191.237000 -10.856096 6.963616
1 218.636000 -16.724608 15.951488
1 203.946000 -16.899552 17.870176
1 215.037000 -10.743232 19.231808
1 159.751000 -17.918176 22.288864
1 212.968000 -16.911968 20.707552
1 205.995000 -18.055872 15.695424
1 178.396000 -12.074496 18.975744
1 151.716000 -10.562080 15.894432
1 205.299000 -15.405760 19.044928
1 187.674000 -13.924384 23.057056
0 48.071000 -1.168736 0.662624
0 88.683000 -2.642784 33.036384
0 58.281000 57.967840 -40.143328
0 83.057000 23.105536 -27.858048
0 43.707000 8.630368 -31.174752
0 30.087000 36.068288 -21.460032
0 1.794000 -1.012416 3.000000
0 15.184000 1.024832 -5.837376
0 86.145000 -15.318848 -0.816704
0 122.879000 -19.119072 -7.759648
1 218.306000 -19.924384 24.032800
1 212.981000 -24.255648 24.264608
1 221.723000 -15.080704 20.882304
1 215.992000 -24.261856 25.683296
1 213.239000 -14.243232 19.800992
1 206.089000 -20.930592 25.614112
1 207.072000 -18.099328 25.626240
1 172.954000 -23.111744 29.276736
1 195.916000 -21.961632 32.870176
1 222.708000 -19.586912 23.032800
0 16.789000 -3.831264 0.150496
0 149.985000 -66.018624 14.989248
0 152.319000 -54.356096 14.037760
0 72.587000 -22.904640 58.069184
0 58.649000 -8.831264 0.963616
0 168.832000 -2.162528 -0.593440
0 68.171000 -2.918176 19.849504
0 166.997000 -6.205984 9.987872
0 50.162000 -14.199776 9.870176
0 43.864000 -15.724608 15.788864
0 254.473000 -0.831264 -0.337376
0 208.305000 -22.181152 6.915104
0 209.385000 -16.018624 6.858048
0 183.897000 -19.693568 9.345920
0 219.690000 -19.012416 5.927232
0 253.746000 -5.500000 0.894432
0 255.000000 0.000000 0.000000
0 253.045000 -5.668736 1.394432
0 253.957000 -1.668736 0.743936
0 225.748000 -12.837472 3.032800
0 202.856000 -24.749440 22.927232
0 175.009000 -27.093120 25.671168
0 144.633000 -22.930592 25.939360
0 159.792000 -28.099328 27.252480
0 119.992000 -24.261856 25.683296
0 160.650000 -25.761856 25.927232
0 171.977000 -28.768064 27.833792
0 190.899000 -23.080704 22.183296
0 125.091000 -28.268064 27.752480
0 184.069000 -28.255648 24.915104
0 160.678000 -24.648992 38.032800
0 132.199000 -20.992672 39.800992
0 131.073000 -19.792896 32.044928
0 158.751000 -17.918176 22.288864
0 87.098000 16.874720 -12.195424
0 130.036000 6.187360 -5.731808
0 236.887000 -6.143904 -4.199008
0 56.756000 -3.812640 -4.105568
0 66.707000 -2.656320 -1.930816
0 140.904000 -8.975168 -4.211136
0 185.154000 -23.224608 17.008544
0 193.941000 -19.718400 15.020672
0 158.963000 -19.730816 17.858048
0 114.377000 -25.043456 13.996416
0 67.971000 -10.705984 10.719680
0 184.764000 -10.024832 7.300992
0 206.014000 -28.224608 17.821664
0 194.883000 -25.893344 17.915104
0 102.341000 -12.043456 11.882304
0 181.253000 -27.230816 19.077728
1 186.382000 -3.037248 9.000000
1 242.816000 -1.024832 5.837376
1 253.011000 -0.006208 1.418688
1 186.193000 -6.880928 11.987872
1 252.652000 1.325056 1.674752
1 171.025000 -24.280480 29.939360
1 117.562000 -17.811520 35.975744
1 131.243000 -24.967840 34.776736
1 148.979000 -16.918176 22.126240
1 173.011000 -15.243232 19.963616
1 232.956000 7.925504 15.723264
1 202.217000 8.906880 19.816704
1 210.929000 9.069408 20.735392
1 225.935000 6.244352 19.304576
1 202.918000 9.075616 19.316704
1 212.207000 -35.105536 29.809536
1 198.056000 -36.148992 39.902976
1 197.933000 -24.792896 32.858048
1 163.072000 -18.099328 25.626240
1 127.806000 -17.949216 29.382304
1 114.081000 -10.768064 24.906560
1 109.141000 -11.930592 24.150496
1 102.048000 -10.749440 20.650496
1 99.993000 -6.768064 24.256064
1 81.793000 -10.605536 25.825248
0 128.281000 -22.167616 41.882304
0 142.932000 -19.148992 37.138368
0 123.165000 -19.280480 29.126240
0 139.962000 -14.086912 22.138368
0 221.862000 6.849888 -4.894432
0 15.170000 14.012416 -5.114112
0 109.883000 -2.755648 20.768192
0 165.893000 -1.068288 15.768192
0 146.140000 -10.237024 17.731808
1 253.125000 0.493792 1.337376
1 249.506000 -0.849888 3.918688
1 247.061000 -2.856096 5.662624
1 108.072000 -18.099328 25.626240
1 126.800000 -19.074496 20.114112
1 156.878000 -24.761856 25.764608
1 84.157000 -13.068288 17.719680
1 140.878000 -24.761856 25.764608
1 170.715000 -24.105536 28.020672
1 191.850000 -37.161408 42.902976
1 184.111000 -36.180032 46.996416
1 158.077000 -19.230816 17.776736
1 100.081000 -10.768064 24.906560
1 80.880000 -12.911968 20.057056
1 99.699000 -7.730816 15.906560
0 134.187000 -19.292896 31.963616
0 102.311000 -17.105536 26.882304
0 133.207000 -15.918176 21.963616
0 181.186000 -52.023712 51.935776
0 175.029000 -54.192448 52.761024
0 157.557000 -39.817728 40.972160
0 224.094000 -6.825056 -0.780320
0 110.038000 -42.910848 62.740352
1 105.858000 -8.949216 27.918688
1 69.771000 -10.593120 22.987872
1 75.026000 -10.737024 17.813120
1 75.037000 -10.743232 19.231808
1 100.081000 -10.768064 24.906560
1 71.151000 -10.243232 19.150496
1 74.396000 -12.074496 18.975744
1 98.830000 -10.062080 15.813120
1 93.830000 -10.062080 15.813120
1 112.059000 -10.755648 22.069184
0 122.696000 -13.936800 25.894432
0 138.034000 -16.949216 29.219680
0 146.166000 -20.974048 35.544928
0 99.798000 -11.737024 17.975744
0 123.940000 -14.074496 19.300992
0 129.028000 -18.074496 19.951488
0 80.121000 -15.305312 34.150496
0 60.039000 -14.130368 32.069184
0 73.042000 -23.161408 40.626240
0 39.064000 -7.936800 24.918688
0 59.136000 -10.799104 32.000000
0 55.854000 -2.174944 2.243936
