1 201.052002 -6.237022 17.081314
1 214.020004 -7.911964 19.243933
1 233.839005 -2.730812 15.093441
1 215.763992 -6.074493 18.000000
1 187.248001 -6.911972 19.081314
1 109.720009 -6.049660 12.325250
1 206.138000 -2.899551 15.593437
1 165.927002 -6.730812 15.743936
1 221.970001 -5.062073 15.000002
1 196.052002 -6.237015 17.081310
0 67.005997 -6.211071 49.211140
0 225.991013 11.856102 -7.126240
0 154.291000 9.993790 -0.207554
0 24.588001 -2.024832 6.000000
0 107.939995 -14.074493 19.300993
0 160.759003 -8.893341 15.150495
0 97.916000 -6.724606 14.325249
0 97.602005 -11.062080 15.975744
0 76.977997 -15.224609 15.707552
0 83.333008 -21.068287 19.020672
1 172.289001 -17.093124 24.044930
1 211.207001 -15.918167 21.963615
1 222.979004 -16.918167 22.126242
1 166.832993 -19.093117 24.370174
1 191.712997 -16.768059 25.882303
1 139.299011 -15.405762 19.044926
1 145.184998 -15.905762 19.126240
1 183.043991 -15.261856 24.219677
1 206.289001 -17.093124 24.044930
1 149.110001 -19.249435 22.032799
0 65.797997 -11.737022 17.975744
0 97.069008 -9.068287 17.069183
0 113.259003 -53.193565 14.793825
0 222.139999 5.000000 -0.813116
0 55.140003 5.000000 -0.813120
0 195.367996 6.000000 -0.975744
0 191.122986 7.831268 -0.800995
0 98.009003 -11.856094 7.126240
0 149.942993 -7.868515 9.313120
0 63.326996 -3.006207 1.906560
1 168.740005 1.275391 13.024260
1 216.496002 -17.774269 27.463612
1 214.848984 -16.280479 28.638367
1 202.940002 -10.124161 29.999996
1 168.712006 -11.124161 30.162622
1 144.117996 -6.274269 25.593441
1 99.016998 -14.117950 29.231810
1 177.770004 -24.136574 35.114113
1 178.154999 -20.967834 34.126240
1 179.237015 -22.142784 36.207550
0 111.208000 -6.325054 -0.861630
0 81.884003 6.837475 -2.057055
0 122.783997 -10.036125 47.942947
0 252.940002 1.162537 0.756063
0 80.285995 -12.012413 4.788865
0 252.843002 -2.168732 0.825249
0 151.148010 -5.162529 -0.105569
0 255.000000 0.000000 -0.000002
0 250.877014 -7.831261 0.800993
0 255.000000 0.000000 -0.000002
1 184.970001 -24.249435 22.845924
1 207.769989 -28.086914 24.415102
1 185.867004 -24.755646 24.345924
1 229.621002 -21.230812 18.101986
1 178.257996 -24.411964 21.927231
1 198.660004 -24.074493 20.927235
1 202.998001 -27.086914 24.252483
1 133.209991 -28.899551 19.821663
1 138.611008 -22.918175 23.101984
1 165.660004 -24.074493 20.927235
0 226.309998 -0.174942 1.918684
0 213.940002 1.162537 0.756065
0 227.940002 1.162537 0.756065
0 210.951004 1.156319 2.174753
0 208.288010 -0.162529 -0.918686
0 96.714005 12.012421 -4.788862
0 224.951004 1.156326 2.174751
0 235.695007 2.993797 0.930817
0 219.167999 2.162529 0.593437
0 217.167999 2.162529 0.593441
1 236.143005 -4.031036 7.743938
1 203.882996 -6.705978 10.069187
1 230.816010 -1.024826 5.837376
1 223.815994 -1.024826 5.837378
1 216.154007 -4.037247 9.162622
1 205.029999 -6.224602 14.243935
1 196.741989 -6.062073 15.162627
1 177.018997 -6.218399 12.825252
1 234.881989 -1.062080 14.349501
1 216.225006 -5.205978 9.825245
0 126.707001 -21.843681 5.915104
0 178.841995 -38.849884 10.098397
0 132.709000 -9.993790 0.207554
0 151.223999 11.724609 -15.138367
0 122.008003 -10.162525 0.707554
0 18.967001 0.018624 -4.256064
0 122.097000 -19.806431 -2.922273
0 25.160002 -6.862304 7.731808
0 83.818001 6.874722 -10.569185
0 6.913000 2.306432 5.768192
1 107.089005 -20.930588 25.614113
1 82.195999 -15.911968 20.544928
1 117.032997 -15.255646 22.800991
1 54.940002 -14.074495 19.300993
1 120.952003 -15.774269 27.138367
1 163.877014 -19.117950 30.044930
1 178.170990 -22.105530 27.695427
1 148.973999 -15.786682 29.975742
1 195.016998 -14.117950 29.231808
1 162.686005 -15.624161 30.894432
0 150.942001 -6.174942 2.894430
0 115.890999 -16.868511 10.776737
0 120.968002 -20.862305 10.008545
0 82.123001 -11.356094 7.044929
0 154.220001 -50.349884 11.968573
0 133.195007 1.018623 -4.418687
0 166.016998 -2.831261 -0.012131
0 36.197998 -8.012415 4.138368
0 55.150002 6.687361 -5.813119
0 126.837997 -4.987583 -2.024256
0 203.763992 -10.024834 7.300994
0 193.123001 -11.356094 7.044931
0 218.835007 -11.193565 7.963619
0 218.112015 -11.349884 5.626238
0 219.285995 -12.012405 4.788866
0 202.813004 -11.181152 5.126236
0 184.653015 -19.555870 15.939362
0 254.700989 0.168732 -0.500002
0 150.843994 -19.099327 25.788864
0 135.044006 -15.261856 24.219681
0 164.801010 -24.718399 15.833795
0 42.829998 -10.062080 15.813121
0 177.874008 -14.037247 10.788863
0 157.842010 -15.712189 12.951488
0 185.281006 -45.305313 39.029221
0 191.025009 -28.230812 19.240353
0 193.759003 -28.080704 22.996418
0 175.091003 -13.031036 9.207554
0 199.019012 -6.218399 12.825252
0 222.275009 -8.055862 14.069183
0 238.893997 -6.712189 11.487869
0 237.285004 -6.368507 9.069181
0 232.225006 -5.205978 9.825249
0 206.766998 0.131493 8.012127
0 169.977997 -15.224609 15.707551
0 180.152008 -15.887131 14.870174
0 148.063995 -11.887131 14.219679
0 178.766998 -19.055870 15.858045
0 201.440002 -16.049652 13.951487
0 199.978012 -15.224609 15.707552
0 153.395996 -12.074493 18.975742
0 96.693001 -24.093117 25.183294
0 39.702999 -22.405758 20.183296
0 107.940002 -33.261856 27.146912
0 208.115997 -2.887131 12.756062
0 74.941002 -15.768066 25.719679
0 61.083000 -18.105537 27.044930
0 156.820007 -11.749435 20.813120
0 148.033005 -15.255646 22.800991
0 160.980988 -24.255646 24.264608
0 72.922005 -28.737022 20.740353
0 111.890999 -32.105530 29.321663
0 132.347000 -30.105537 28.996414
0 154.783997 -37.124161 34.390850
0 209.166000 -44.111740 32.691841
0 101.996002 -19.749435 22.114111
0 81.166000 -24.924385 24.845921
0 175.440002 -16.049660 13.951487
0 160.757004 -20.743225 20.858047
0 134.875000 -15.730812 17.207552
0 192.240997 -2.393341 14.093440
0 177.127014 -2.893341 14.174751
0 127.257996 -5.224609 14.081312
0 106.884995 -10.093117 22.906561
0 184.699005 -7.730820 15.906561
0 105.667000 -28.593117 25.915104
0 73.328003 -19.936798 26.870174
0 143.126999 -2.893341 14.174753
0 102.299004 -15.405758 19.044930
0 106.039001 -37.268063 29.216095
0 195.151993 -15.887131 14.870175
0 225.171997 6.674942 -2.975748
0 184.968002 -20.862305 10.008541
0 82.125999 -1.199776 7.756064
0 89.843002 17.018627 -7.020674
0 175.108002 -15.862305 9.195421
0 174.874008 -14.037247 10.788864
0 118.158005 -33.949215 31.984287
0 140.902008 -32.111740 30.740353
0 138.921997 -28.737022 20.740353
0 140.072006 -18.099327 25.626240
0 87.001007 -16.930588 24.963615
0 69.773003 -17.930592 25.126240
0 126.592010 -12.749435 20.975746
0 132.141006 -11.930588 24.150497
